4,33
4,32
4,29
4,26
4,22
4,17
4,16
4,9
4,4
4,3
4,2
4,1
4,0
3,3
3,2
3,1
3,0
2,2
2,1
2,3
0,568
2,0
0,476
142,1
142,3
0,386
0,320
0,243
142,0
0,9
0,278
0,273
0,276
0,272
0,271
0,270
0,275
0,12
0,527
0,10
0,8
0,0
0,496
0,435
0,268
0,495
0,434
0,267
0,494
0,493
0,266
0,516
0,492
0,265
0,524
0,515
0,264
0,491
0,433
0,263
0,490
0,432
0,262
0,487
0,431
0,261
0,430
0,429
0,260
0,485
0,412
0,259
0,523
0,486
0,258
0,484
0,483
0,257
0,482
0,427
0,256
0,522
0,426
0,255
0,481
0,480
0,254
0,479
0,478
0,253
0,451
0,450
0,252
0,521
0,425
0,251
0,534
0,424
0,250
0,477
0,423
0,249
0,422
0,421
0,248
0,475
0,404
0,247
0,531
0,474
0,246
0,473
0,472
0,245
0,470
0,419
0,244
0,533
0,418
0,242
0,520
0,471
0,241
0,519
0,469
0,240
0,518
0,468
0,239
0,517
0,417
0,238
0,467
0,416
0,237
0,466
0,415
0,236
0,414
0,413
0,235
0,530
0,396
0,234
0,513
0,465
0,233
0,512
0,464
0,232
0,514
0,411
0,231
0,502
0,410
0,230
0,501
0,462
0,229
0,428
0,463
0,228
0,461
0,460
0,227
0,459
0,409
0,226
0,458
0,408
0,225
0,457
0,407
4,35
4,40
4,69
4,75
5,1
5,2
5,4
6,1
6,2
6,4
12,0
6,6
6,7
12,1
12,2
7,0
7,2
7,3
8,0
7,5
8,2
8,11
7,7
7,8
7,9
7,10
8,12
7,12
7,13
8,4
7,15
8,7
8,9
8,13
8,14
8,16
8,17
8,18
9,1
9,2
9,5
9,6
11,0
10,2
11,3
10,3
11,17
10,6
10,8
11,14
11,23
10,17
11,29
10,22
11,13
11,22
10,27
10,31
10,64
10,69
10,70
10,102
10,264
10,84
10,88
10,90
10,111
10,268
10,100
10,101
10,104
10,108
10,123
10,125
10,131
10,133
10,135
10,138
10,140
10,146
10,147
10,149
10,153
10,155
10,162
10,163
10,167
10,169
10,174
10,180
10,182
10,190
10,192
10,198
10,201
10,204
10,209
10,210
10,213
10,216
10,218
10,226
10,227
10,240
10,242
10,245
10,248
10,251
10,257
10,258
10,261
10,266
10,269
10,274
10,276
10,284
10,287
10,293
10,296
10,298
10,305
10,307
10,311
10,313
11,4
11,6
11,7
11,11
11,12
11,16
11,19
11,20
11,24
11,25
11,27
11,28
13,0
13,2
13,3
14,1
14,2
14,4
15,0
15,1
15,3
16,0
16,2
17,0
17,1
17,3
18,0
18,2
18,3
19,1
19,3
20,0
20,2
20,3
142,2
20,1
19,2
19,0
18,1
17,2
16,3
16,1
15,2
14,5
14,3
14,0
13,1
11,30
11,26
11,21
11,18
11,15
11,10
11,5
10,317
10,309
10,303
10,295
10,291
10,277
10,272
10,267
10,259
10,253
10,246
10,244
10,234
10,224
10,217
10,211
10,206
10,200
10,196
10,184
10,177
10,170
10,164
10,160
10,154
10,148
10,144
10,136
10,134
10,128
10,112
10,106
10,91
10,98
10,89
10,252
10,80
10,300
10,66
11,9
10,24
11,8
10,18
10,11
11,1
10,5
11,2
10,1
10,0
9,4
9,7
9,3
9,0
8,10
8,6
7,14
8,8
8,5
8,15
8,1
7,6
8,3
7,4
7,1
6,8
12,3
6,5
6,3
6,0
5,3
5,0
4,41
0,224
0,406
0,405
0,223
0,456
0,395
0,222
0,525
0,455
0,221
0,529
0,454
0,220
0,420
0,453
0,219
0,511
0,403
0,218
0,509
0,402
0,217
0,508
0,452
0,216
0,510
0,449
0,215
0,532
0,507
0,214
0,448
0,401
0,213
0,528
0,400
0,212
0,506
0,399
0,211
0,398
0,397
0,210
0,505
0,394
0,209
0,535
0,447
0,208
0,504
0,393
0,207
0,503
0,392
0,206
0,446
0,391
0,205
0,311
0,204
0,440
0,310
0,203
0,439
0,390
0,202
0,309
0,201
0,307
0,306
0,200
0,305
0,304
0,199
0,303
0,302
0,198
0,384
0,301
0,197
0,445
0,300
0,196
0,438
0,299
0,195
0,444
0,298
0,194
0,443
0,297
0,193
0,500
0,296
0,192
0,319
0,295
0,63
0,294
0,62
0,293
0,61
0,437
0,292
0,60
0,499
0,291
0,59
0,489
0,290
0,58
0,488
0,289
0,57
0,442
0,288
0,56
0,441
0,287
0,55
0,436
0,286
0,54
0,317
0,285
0,53
0,316
0,284
0,52
0,388
0,283
0,51
0,282
0,50
0,313
0,281
0,49
0,280
0,48
0,537
0,279
0,47
0,498
0,277
0,46
0,536
0,274
0,45
0,570
0,569
0,567
0,566
0,565
0,564
0,563
0,562
0,561
0,560
0,559
0,558
0,324
0,557
0,323
0,556
0,322
0,555
0,321
0,554
0,526
0,553
0,552
0,551
0,318
0,550
0,315
0,549
0,314
0,548
0,312
0,547
0,308
0,546
0,389
0,545
0,387
0,544
0,385
0,543
0,575
0,542
0,574
0,541
0,573
0,540
0,572
0,539
0,571
0,538
0,497
0,269
0,6
0,5
0,1
0,11
0,4
0,2
0,3
0,7
